1 0 675.080 -37.330
2 0 265.760 -231.140
3 0 753.460 -261.140
4 0 290.480 -261.520
5 0 991.430 -482.350
6 0 926.420 -675.880
7 0 414.500 -688.670
8 0 607.180 -773.680
9 0 715.720 -822.110
10 0 654.580 -896.760
11 0 472.450 -952.830
12 0 257.120 -133.350
13 0 700.010 -169.050
14 0 415.630 -252.450
15 0 923.510 -269.400
16 0 413.970 -351.960
17 0 328.650 -356.790
18 0 552.160 -366.040
19 0 467.750 -420.420
20 0 801.010 -415.130
21 0 915.060 -442.770
22 0 568.960 -477.250
23 0 955.850 -499.680
24 0 1786.130 -33.010
25 0 1336.080 -88.940
26 0 1624.130 -91.230
27 0 1629.360 -266.320
28 0 1948.390 -383.900
29 0 1992.070 -387.070
30 0 1757.080 -390.640
31 0 1887.010 -464.920
32 0 1539.520 -479.330
33 0 1771.460 -485.880
34 0 1670.620 -508.020
35 0 1499.820 -548.990
36 0 1557.050 -568.400
37 0 1312.490 -574.610
38 0 1697.070 -580.400
39 0 1523.490 -627.900
40 0 1441.070 -640.680
41 0 1712.350 -643.150
42 0 1589.950 -659.960
43 0 1365.100 -688.000
44 0 1637.700 -727.530
45 0 1470.550 -766.240
46 0 1581.910 -808.150
47 0 1317.300 -843.580
48 0 1530.600 -866.900
49 0 1666.570 -890.770
50 0 1132.310 -130.680
51 0 1345.420 -131.940
52 0 1391.830 -178.390
53 0 1477.340 -192.120
54 0 1663.130 -207.390
55 0 1426.210 -239.000
56 0 1293.300 -322.800
57 0 2038.940 -331.890
58 0 1688.220 -347.700
59 0 1586.020 -409.930
60 0 1363.110 -403.270
61 0 1796.810 -413.410
62 0 1632.320 -434.430
63 0 1157.740 -455.550
64 0 1205.620 -465.660
65 0 1428.110 -471.100
66 0 1482.140 -470.860
67 0 1192.290 -544.070
68 0 1390.230 -596.300
69 0 1937.920 -706.160
70 0 1878.810 -734.350
71 0 1199.420 -737.230
72 0 1409.330 -758.040
73 0 1317.210 -781.900
74 0 1218.890 -811.850
75 0 1871.400 -940.940
76 0 1878.600 -986.600
77 0 1488.380 -980.080
78 0 1934.780 -1004.240
79 0 1529.500 -2094.650
80 0 1442.690 -2094.050
81 0 1615.820 -2103.530
82 0 1372.010 -2129.340
83 0 951.680 -2133.250
84 0 1436.230 -2146.670
85 0 1499.470 -2171.150
86 0 1463.070 -2176.800
87 0 1593.350 -2214.260
88 0 1405.910 -2221.460
89 0 1537.450 -2242.630
90 0 1423.250 -2249.840
91 0 1607.480 -2260.490
92 0 1112.780 -2285.490
93 0 1581.930 -2380.090
94 0 1470.280 -2383.850
95 0 1162.710 -2389.230
96 0 1515.960 -2411.800
97 0 1192.220 -2437.320
98 0 1028.320 -2439.040
99 0 1371.120 -2443.110
100 0 1559.260 -2459.140
101 0 1621.070 -2471.190
102 0 1454.010 -2474.160
103 0 1064.010 -2504.910
104 0 1262.250 -2509.610
105 0 1217.750 -2514.410
106 0 1560.490 -2536.930
107 0 1621.890 -2539.520
108 0 1146.670 -2542.080
109 0 1588.370 -2547.750
110 0 1495.980 -2565.040
111 0 1165.900 -2594.750
112 0 1202.690 -2627.620
113 0 1294.360 -2645.190
114 0 1659.340 -2703.620
115 0 1164.030 -2723.990
116 0 1581.840 -2782.250
117 0 1539.850 -2816.160
118 0 1592.910 -2822.890
119 0 1637.750 -2834.290
120 0 1374.770 -2876.860
121 0 1543.310 -2883.140
122 0 1466.800 -2893.140
123 0 1603.560 -2901.350
124 0 1515.210 -2944.040
125 0 1437.940 -2953.210
126 0 1352.010 -2982.010
127 0 1566.800 -3000.200
128 0 1453.700 -2280.510
129 0 1258.760 -2324.400
130 0 1509.570 -2654.440
131 0 1464.650 -2705.910
132 0 1495.500 -2808.840
133 0 2479.470 -2091.320
134 0 2548.710 -2096.100
135 0 2604.620 -2113.660
136 0 2420.610 -2113.410
137 0 2648.780 -2121.260
138 0 2692.390 -2120.570
139 0 2327.420 -2119.960
140 0 2449.470 -2160.480
141 0 2545.510 -2192.690
142 0 2665.370 -2227.390
143 0 2371.330 -2235.550
144 0 2581.290 -2239.830
145 0 2294.740 -2259.150
146 0 2339.090 -2275.960
147 0 2522.730 -2274.250
148 0 2697.730 -2324.130
149 0 2574.970 -2326.420
150 0 2527.700 -2333.560
151 0 2653.810 -2350.480
152 0 2577.180 -2358.410
153 0 2378.280 -2371.580
154 0 2584.140 -2407.060
155 0 2665.220 -2418.410
156 0 2419.030 -2432.210
157 0 2116.320 -2454.830
158 0 2367.190 -2453.920
159 0 2450.350 -2456.960
160 0 2701.970 -2463.900
161 0 2667.600 -2458.850
162 0 2536.700 -2462.480
163 0 2615.390 -2474.430
164 0 2571.700 -2472.080
165 0 2292.650 -2477.340
166 0 2104.080 -2495.980
167 0 2648.760 -2516.430
168 0 2701.650 -2527.070
169 0 2560.990 -2538.420
170 0 2462.370 -2553.480
171 0 2606.640 -2560.040
172 0 1744.920 -2568.420
173 0 2284.260 -2567.270
174 0 2328.960 -2573.270
175 0 2655.010 -2579.570
176 0 2386.640 -2595.280
177 0 2551.030 -2595.330
178 0 2461.400 -2606.930
179 0 2089.350 -2616.680
180 0 2280.020 -2625.640
181 0 2593.630 -2632.920
182 0 1894.240 -2653.890
183 0 2488.320 -2657.750
184 0 2594.400 -2683.180
185 0 2379.750 -2687.220
186 0 2526.960 -2691.690
187 0 2666.740 -2691.820
188 0 2431.920 -2697.330
189 0 1846.760 -2700.070
190 0 1996.450 -2706.030
191 0 2575.990 -2715.080
192 0 1902.020 -2720.650
193 0 2250.410 -2733.680
194 0 2351.200 -2734.420
195 0 2133.970 -2744.090
196 0 2488.180 -2739.200
197 0 2038.720 -2751.860
198 0 2427.280 -2751.450
199 0 2625.180 -2768.370
200 0 2290.410 -2767.570
201 0 1759.940 -2769.010
202 0 2583.570 -2775.430
203 0 2333.930 -2784.450
204 0 2384.560 -2797.310
205 0 1862.000 -2797.610
206 0 2159.010 -2806.580
207 0 1803.310 -2815.520
208 0 2541.170 -2813.400
209 0 1949.850 -2817.020
210 0 2217.810 -2826.670
211 0 2258.890 -2830.420
212 0 1870.120 -2842.770
213 0 2364.870 -2863.220
214 0 2078.290 -2883.400
215 0 2589.480 -2885.050
216 0 2316.920 -2905.830
217 0 2398.890 -2908.680
218 0 2687.990 -2919.900
219 0 1837.730 -2921.110
220 0 1953.300 -2924.210
221 0 2020.200 -2937.000
222 0 2246.070 -2947.830
223 0 2105.650 -2948.390
224 0 1921.280 -2967.780
225 0 1871.800 -2981.150
226 0 1970.860 -2999.630
227 0 2544.550 -2999.540
228 0 2652.090 -2999.660
229 0 1824.910 -3010.610
230 0 1940.110 -2066.250
231 0 2088.200 -2084.750
232 0 1854.600 -2105.270
233 0 2196.260 -2119.280
234 0 1920.530 -2120.440
235 0 2018.250 -2138.820
236 0 2082.100 -2138.990
237 0 1744.710 -2163.050
238 0 2223.900 -2183.660
239 0 1886.300 -2184.100
240 0 2064.790 -2197.500
241 0 2438.930 -2206.390
242 0 1812.630 -2197.520
243 0 1778.100 -2208.690
244 0 2616.310 -2243.100
245 0 2422.630 -2247.180
246 0 2099.430 -2254.480
247 0 1824.690 -2261.520
248 0 2632.700 -2279.130
249 0 1950.580 -2278.710
250 0 1839.820 -2320.070
251 0 1787.160 -2335.130
252 0 2180.790 -2367.950
253 0 2084.320 -2393.740
254 0 1896.830 -2405.750
255 0 1975.480 -2412.730
256 0 1767.570 -2433.800
257 0 2017.170 -2449.550
258 0 1814.420 -2458.250
259 0 1965.070 -2484.890
260 0 2166.460 -2505.120
261 0 1929.180 -2508.220
262 0 1828.430 -2514.850
263 0 2184.400 -2537.620
264 0 1919.950 -2548.840
265 0 1960.170 -2569.490
266 0 2208.980 -2572.070
267 0 3396.130 -2036.920
268 0 2889.140 -2065.550
269 0 3239.560 -2093.710
270 0 2795.440 -2100.650
271 0 3213.230 -2135.060
272 0 3015.320 -2146.830
273 0 3140.350 -2152.920
274 0 2828.570 -2149.980
275 0 2999.970 -2195.150
276 0 2744.930 -2200.670
277 0 2857.790 -2207.150
278 0 2819.770 -2235.590
279 0 3117.470 -2257.490
280 0 3153.900 -2263.980
281 0 3072.670 -2265.280
282 0 2812.450 -2282.430
283 0 2777.850 -2292.640
284 0 2844.400 -2330.150
285 0 2974.870 -2337.270
286 0 2743.690 -2341.360
287 0 3067.520 -2349.200
288 0 3364.690 -2355.740
289 0 2838.440 -2388.840
290 0 3539.370 -2390.240
291 0 3216.210 -2395.550
292 0 2942.630 -2418.660
293 0 2773.780 -2430.660
294 0 3146.330 -2437.440
295 0 2844.230 -2453.680
296 0 3176.720 -2455.080
297 0 3563.600 -2457.140
298 0 2816.290 -2495.000
299 0 3416.850 -2500.010
300 0 3669.040 -2501.450
301 0 3587.360 -2507.680
302 0 3247.670 -2531.200
303 0 3322.270 -2566.730
304 0 2975.020 -2604.780
305 0 3443.460 -2607.680
306 0 3221.650 -2613.430
307 0 3019.720 -2618.580
308 0 2922.800 -2629.930
309 0 3181.900 -2641.650
310 0 3350.170 -2666.450
311 0 2907.980 -2658.690
312 0 3555.860 -2661.550
313 0 2975.770 -2664.430
314 0 3232.320 -2689.030
315 0 2808.680 -2694.570
316 0 3511.990 -2703.640
317 0 3072.460 -2714.710
318 0 3300.540 -2732.070
319 0 3150.560 -2738.690
320 0 3006.460 -2735.770
321 0 3591.380 -2744.600
322 0 2774.130 -2766.840
323 0 2872.560 -2768.320
324 0 3110.410 -2787.720
325 0 3182.600 -2805.980
326 0 3038.540 -2804.170
327 0 2951.720 -2805.890
328 0 2878.130 -2816.460
329 0 3560.990 -2820.850
330 0 3062.870 -2829.780
331 0 3621.890 -2860.050
332 0 3125.750 -2855.830
333 0 2959.780 -2866.800
334 0 3457.360 -2870.590
335 0 3011.670 -2891.310
336 0 3110.650 -2895.700
337 0 3256.480 -2895.500
338 0 2834.650 -2902.140
339 0 2878.870 -2918.160
340 0 3572.810 -2921.860
341 0 3077.670 -2920.390
342 0 3537.130 -2058.680
343 0 3629.710 -2080.850
344 0 3567.420 -2121.810
345 0 3330.780 -2124.960
346 0 3535.280 -2153.010
347 0 3666.000 -2167.930
348 0 3626.210 -2195.040
349 0 3309.630 -2210.320
350 0 3486.830 -2207.990
351 0 3584.370 -2238.110
352 0 3383.720 -2225.420
353 0 3236.530 -2238.540
354 0 3654.720 -2250.620
355 0 3425.090 -2278.060
356 0 3616.120 -2282.840
357 0 3698.680 -2298.570
358 0 3531.880 -2314.580
359 0 3145.800 -2331.190
360 0 3434.160 -2367.830
361 0 3262.180 -2369.390
362 0 3668.290 -2403.320
363 0 3615.670 -2401.990
364 0 3482.750 -2436.640
365 0 3339.980 -2441.730
366 0 4128.370 -1999.030
367 0 4077.920 -2035.510
368 0 4012.840 -2055.340
369 0 3955.610 -2064.010
370 0 3768.410 -2068.650
371 0 4106.660 -2091.950
372 0 4597.400 -2120.560
373 0 4290.850 -2123.510
374 0 4509.650 -2124.010
375 0 3970.850 -2142.730
376 0 4126.290 -2146.750
377 0 3882.160 -2175.940
378 0 3910.830 -2215.190
379 0 4026.040 -2211.620
380 0 4508.050 -2231.500
381 0 3866.980 -2237.730
382 0 3825.260 -2234.400
383 0 3733.030 -2307.850
384 0 4493.800 -2306.800
385 0 4422.670 -2318.160
386 0 4585.770 -2313.190
387 0 4438.840 -2413.330
388 0 4543.800 -2432.530
389 0 4619.360 -2432.500
390 0 3756.740 -2470.580
391 0 4256.720 -2474.290
392 0 4176.650 -2477.480
393 0 4564.700 -2480.200
394 0 4383.810 -2488.210
395 0 4191.810 -2511.120
396 0 4317.650 -2506.270
397 0 4274.100 -2530.120
398 0 4122.050 -2543.440
399 0 4203.510 -2566.150
400 0 4590.390 -2570.120
401 0 4280.570 -2576.770
402 0 4327.660 -2615.150
403 0 3993.680 -2612.930
404 0 4535.530 -2619.650
405 0 4216.350 -2630.690
406 0 4501.710 -2637.030
407 0 4464.880 -2639.790
408 0 3747.940 -2663.050
409 0 4023.480 -2660.330
410 0 4159.530 -2665.880
411 0 4604.500 -2666.600
412 0 4239.940 -2676.000
413 0 4544.860 -2692.440
414 0 4358.970 -2695.610
415 0 4480.060 -2698.190
416 0 4001.930 -2701.400
417 0 4398.940 -2702.320
418 0 4293.510 -2731.900
419 0 3815.420 -2752.890
420 0 4416.260 -2763.120
421 0 3743.220 -2754.920
422 0 4560.810 -2769.390
423 0 4464.900 -2789.280
424 0 4603.690 -2798.580
425 0 3888.680 -2805.550
426 0 4414.620 -2832.860
427 0 3759.340 -2833.500
428 0 4548.760 -2846.520
429 0 4377.490 -2857.160
430 0 4335.690 -2861.400
431 0 4463.630 -2869.580
432 0 4507.630 -2878.460
433 0 3998.000 -2899.800
434 0 4294.000 -2900.910
435 0 4235.750 -2246.890
436 0 4325.180 -2246.040
437 0 3988.540 -2293.400
438 0 4627.460 -2312.750
439 0 4295.570 -2323.240
440 0 3913.880 -2326.170
441 0 4081.160 -2334.430
442 0 4138.660 -2335.640
443 0 4005.120 -2373.070
444 0 4155.390 -2377.120
445 0 4083.120 -2387.340
446 0 4240.440 -2399.440
447 0 3784.260 -2411.540
448 0 4013.230 -2424.320
449 0 4100.140 -2428.500
450 0 3807.770 -2442.780
451 0 3928.760 -2437.890
452 0 4313.520 -2450.240
453 0 3973.810 -2472.600
454 0 3833.870 -2492.300
455 0 3894.460 -2521.070
456 0 3815.600 -2561.530
457 0 3944.470 -2599.530
458 0 3793.170 -2599.800
459 0 4062.200 -2620.430
460 0 3845.190 -2635.290
461 0 3903.480 -2714.590
462 0 4075.460 -2788.530
463 0 4153.260 -2813.170
464 0 4240.900 -2837.150
465 0 5145.780 -2386.330
466 0 4780.930 -2653.750
467 0 5116.810 -2688.440
468 0 5144.340 -2711.540
469 0 5180.260 -2728.920
470 0 5072.110 -2744.870
471 0 4867.230 -2755.400
472 0 4805.340 -2771.860
473 0 5078.860 -2790.520
474 0 5159.380 -2792.040
475 0 4886.470 -2798.860
476 0 5009.250 -2801.070
477 0 4765.930 -2809.190
478 0 5238.010 -2812.190
479 0 4789.550 -2898.980
480 0 5391.200 -2926.590
481 0 5364.750 -2961.690
482 0 4803.450 -2972.540
483 0 5012.900 -2973.420
484 0 5123.820 -2978.260
485 0 5442.950 -2992.090
486 0 4751.460 -2999.450
487 0 4925.700 -2998.690
488 0 5026.740 -3013.160
489 0 5146.570 -3025.560
490 0 4951.690 -3034.060
491 0 4787.130 -3036.870
492 0 5580.310 -3036.450
493 0 4864.610 -3038.960
494 0 5524.140 -3064.930
495 0 5414.310 -3068.630
496 0 5172.500 -3074.830
497 0 5086.820 -2126.540
498 0 5437.320 -2143.570
499 0 4887.890 -2145.590
500 0 5522.320 -2162.530
501 0 4817.310 -2179.690
502 0 5135.340 -2178.080
503 0 4963.100 -2189.900
504 0 5344.320 -2197.580
505 0 4902.160 -2214.630
506 0 5050.610 -2226.180
507 0 4976.980 -2236.300
508 0 4926.600 -2248.660
509 0 4739.150 -2258.410
510 0 5020.910 -2259.900
511 0 4778.890 -2271.440
512 0 5186.320 -2280.540
513 0 4947.740 -2300.550
514 0 4856.270 -2297.040
515 0 4998.400 -2316.290
516 0 5390.830 -2315.050
517 0 5482.420 -2359.870
518 0 5325.340 -2375.040
519 0 4943.810 -2391.060
520 0 5206.320 -2415.560
521 0 5619.310 -2451.560
522 0 4955.910 -2464.170
523 0 5250.310 -2488.060
524 0 5153.300 -2502.350
525 0 5004.560 -2515.860
526 0 5477.800 -2518.060
527 0 5634.300 -2523.550
528 0 5269.030 -2533.050
529 0 5040.370 -2534.540
530 0 5282.820 -2575.580
531 0 5394.320 -2586.560
532 0 5201.790 -2602.220
533 0 5264.830 -2643.570
534 0 5316.330 -2654.560
535 0 5321.300 -2734.560
536 0 4940.320 -2887.580
537 0 5589.340 -2890.570
538 0 5524.330 -2971.570
539 0 1821.390 -3079.630
540 0 1918.350 -3096.100
541 0 1913.290 -3151.100
542 0 2039.580 -3237.290
543 0 1969.720 -3262.200
544 0 1989.180 -3298.950
545 0 1963.280 -3523.620
546 0 1987.110 -3724.640
547 0 1955.200 -3825.960
548 0 1962.290 -3906.930
549 0 1326.680 -3082.670
550 0 1455.130 -3100.180
551 0 1649.780 -3104.230
552 0 1403.740 -3127.410
553 0 1679.210 -3158.590
554 0 1335.140 -3159.630
555 0 1374.890 -3204.280
556 0 1702.540 -3237.460
557 0 1744.630 -3312.510
558 0 1537.440 -3317.270
559 0 1846.440 -3339.780
560 0 1746.930 -3398.700
561 0 1965.750 -3399.370
562 0 1344.460 -3451.130
563 0 1457.010 -3447.700
564 0 1417.020 -3502.780
565 0 1567.920 -3519.760
566 0 1963.930 -3582.890
567 0 1507.420 -3612.260
568 0 1882.390 -3613.270
569 0 1708.900 -3736.260
570 0 1516.420 -3849.670
571 0 1733.020 -3946.960
572 0 1774.960 -4008.380
573 0 2350.030 -3070.670
574 0 3023.180 -3074.780
575 0 2899.510 -3110.850
576 0 2704.720 -3115.520
577 0 2978.750 -3122.850
578 0 2629.920 -3118.730
579 0 2826.980 -3122.210
580 0 2664.170 -3120.990
581 0 3050.090 -3154.210
582 0 2905.090 -3161.480
583 0 2475.860 -3187.560
584 0 2215.340 -3203.040
585 0 2314.080 -3195.570
586 0 2812.250 -3209.330
587 0 2858.750 -3220.260
588 0 3016.620 -3223.900
589 0 2660.270 -3222.000
590 0 2968.590 -3225.680
591 0 2932.190 -3231.500
592 0 2428.930 -3252.270
593 0 2701.700 -3255.730
594 0 2817.810 -3253.470
595 0 2589.860 -3272.800
596 0 2835.680 -3281.580
597 0 2867.550 -3283.840
598 0 2139.170 -3283.130
599 0 2636.390 -3298.000
600 0 2413.870 -3324.210
601 0 2507.330 -3335.930
602 0 2247.030 -3343.880
603 0 2548.480 -3344.160
604 0 2660.820 -3347.270
605 0 2463.990 -3369.090
606 0 2771.110 -3365.040
607 0 2673.390 -3394.260
608 0 2888.450 -3395.690
609 0 2728.060 -3399.700
610 0 2197.010 -3401.110
611 0 2496.340 -3423.130
612 0 2927.000 -3463.230
613 0 2267.340 -3464.970
614 0 2761.030 -3466.120
615 0 2973.070 -3475.990
616 0 2169.840 -3497.260
617 0 2680.190 -3492.700
618 0 2138.850 -3511.870
619 0 2368.610 -3514.570
620 0 2297.470 -3514.080
621 0 2928.240 -3518.470
622 0 2997.350 -3536.510
623 0 2875.100 -3539.930
624 0 2731.670 -3547.360
625 0 2116.270 -3581.880
626 0 2561.110 -3575.190
627 0 3019.250 -3582.620
628 0 2925.020 -3592.370
629 0 2708.090 -3605.790
630 0 2224.380 -3597.840
631 0 2393.730 -3602.430
632 0 2461.640 -3614.520
633 0 2540.380 -3638.550
634 0 2114.720 -3645.420
635 0 2400.150 -3680.540
636 0 2567.540 -3698.850
637 0 2516.490 -3719.770
638 0 2326.640 -3719.070
639 0 2238.700 -3730.200
640 0 2297.870 -3749.080
641 0 2716.390 -3762.630
642 0 2919.730 -3783.300
643 0 2388.910 -3786.120
644 0 2328.390 -3809.730
645 0 2204.210 -3813.490
646 0 2745.580 -3821.540
647 0 2502.710 -3829.170
648 0 2412.120 -3856.120
649 0 2354.220 -3876.930
650 0 2600.030 -3875.600
651 0 2916.660 -3886.770
652 0 2465.090 -3905.570
653 0 2873.020 -3913.720
654 0 2331.790 -3931.310
655 0 2740.320 -3924.470
656 0 2587.960 -3921.100
657 0 2198.160 -3933.860
658 0 2885.930 -3966.980
659 0 2298.630 -3985.870
660 0 2379.930 -4016.080
661 0 2830.910 -3581.570
662 0 2858.750 -3688.010
663 0 2698.280 -3705.570
664 0 3023.520 -3721.560
665 0 2619.570 -3725.300
666 0 2762.830 -3728.880
667 0 2825.640 -3764.060
668 0 2992.210 -3788.340
669 0 2797.100 -3803.460
670 0 2830.940 -3815.810
671 0 2656.050 -3837.620
672 0 2884.980 -3843.580
673 0 2993.480 -3882.560
674 0 2813.990 -3915.680
675 0 2988.730 -3974.910
676 0 3043.090 -3993.470
677 0 3243.570 -3232.620
678 0 3194.390 -3268.860
679 0 3306.410 -3275.490
680 0 3804.190 -3295.530
681 0 3260.010 -3298.970
682 0 3681.320 -3309.550
683 0 3188.440 -3394.810
684 0 3535.360 -3404.780
685 0 3768.750 -3404.170
686 0 3392.620 -3407.810
687 0 3737.150 -3430.680
688 0 3131.470 -3439.220
689 0 3750.900 -3464.820
690 0 3915.900 -3473.100
691 0 3495.450 -3478.760
692 0 3294.720 -3481.560
693 0 3433.520 -3502.150
694 0 3703.640 -3526.680
695 0 3313.240 -3527.750
696 0 3803.820 -3543.170
697 0 3569.140 -3542.960
698 0 3236.500 -3550.720
699 0 3873.330 -3553.670
700 0 3508.820 -3569.880
701 0 3314.470 -3583.970
702 0 4011.990 -3598.540
703 0 3211.830 -3602.070
704 0 3383.420 -3606.030
705 0 3845.720 -3639.910
706 0 4005.640 -3638.540
707 0 3592.490 -3637.320
708 0 3920.640 -3652.600
709 0 3359.670 -3671.860
710 0 3184.690 -3674.620
711 0 3480.750 -3681.180
712 0 3283.170 -3683.160
713 0 3552.550 -3690.210
714 0 3896.000 -3708.220
715 0 3625.860 -3738.210
716 0 4013.240 -3742.680
717 0 3339.830 -3739.970
718 0 3551.660 -3744.360
719 0 3781.850 -3747.930
720 0 3856.240 -3752.930
721 0 3651.980 -3762.450
722 0 3581.710 -3777.490
723 0 3421.250 -3786.860
724 0 3993.400 -3796.240
725 0 3862.040 -3797.010
726 0 3201.180 -3802.820
727 0 3463.540 -3821.860
728 0 3728.310 -3825.430
729 0 3805.980 -3835.460
730 0 3386.740 -3845.250
731 0 3939.590 -3859.350
732 0 3214.090 -3881.460
733 0 3753.100 -3885.430
734 0 3785.630 -3910.430
735 0 3828.660 -3921.890
736 0 4020.000 -3923.710
737 0 3458.730 -3927.140
738 0 3156.650 -3935.340
739 0 3254.370 -3934.740
740 0 3616.810 -3938.610
741 0 3711.370 -3937.870
742 0 3118.890 -3953.470
743 0 3556.600 -3956.650
744 0 3289.470 -3991.050
745 0 3640.280 -3998.380
746 0 3389.220 -4016.510
747 0 4031.380 -4021.980
748 0 3663.480 -3104.270
749 0 3424.660 -3103.570
750 0 3770.780 -3103.490
751 0 3842.040 -3112.380
752 0 3719.770 -3115.850
753 0 3382.460 -3127.420
754 0 3471.840 -3127.790
755 0 3961.560 -3168.120
756 0 3519.670 -3175.630
757 0 3349.680 -3180.840
758 0 3558.680 -3181.650
759 0 3611.020 -3188.280
760 0 3974.410 -3210.070
761 0 4045.400 -3236.550
762 0 3468.370 -3245.970
763 0 3702.940 -3250.450
764 0 3877.590 -3262.180
765 0 3932.730 -3282.520
766 0 3558.640 -3289.990
767 0 3623.240 -3306.110
768 0 3425.880 -3338.530
769 0 3764.550 -3346.360
770 0 3858.410 -3359.950
771 0 3801.450 -3383.930
772 0 3459.680 -3385.790
773 0 4010.430 -3438.780
774 0 3985.000 -3470.680
775 0 4269.710 -3101.590
776 0 4468.930 -3107.460
777 0 4574.120 -3116.220
778 0 4158.810 -3126.130
779 0 4518.970 -3130.960
780 0 4279.450 -3146.090
781 0 4114.330 -3156.810
782 0 4421.590 -3169.060
783 0 4843.670 -3169.340
784 0 4344.400 -3190.760
785 0 4287.130 -3197.900
786 0 4556.330 -3199.000
787 0 4678.670 -3203.570
788 0 4502.320 -3207.550
789 0 4173.760 -3215.340
790 0 4453.640 -3239.750
791 0 4790.990 -3241.420
792 0 4153.190 -3260.970
793 0 4677.890 -3292.080
794 0 4622.340 -3307.530
795 0 4190.750 -3304.920
796 0 4309.010 -3348.020
797 0 4646.340 -3356.620
798 0 4263.750 -3360.450
799 0 4608.270 -3367.580
800 0 4443.190 -3363.140
801 0 4530.540 -3373.720
802 0 4787.890 -3383.750
803 0 4660.750 -3388.000
804 0 4234.020 -3394.100
805 0 4468.240 -3397.100
806 0 4386.860 -3399.810
807 0 4346.230 -3439.610
808 0 4491.150 -3441.070
809 0 4192.730 -3453.660
810 0 4697.830 -3460.620
811 0 4256.780 -3461.000
812 0 4114.290 -3465.930
813 0 4838.360 -3468.070
814 0 4646.160 -3497.810
815 0 4271.870 -3507.080
816 0 4579.660 -3515.470
817 0 4389.030 -3512.320
818 0 4444.150 -3529.060
819 0 4497.930 -3539.900
820 0 4715.820 -3548.470
821 0 4151.020 -3536.790
822 0 4221.190 -3555.920
823 0 4293.490 -3578.190
824 0 4943.010 -3579.440
825 0 4758.080 -3596.620
826 0 4890.520 -3605.900
827 0 4145.210 -3608.520
828 0 4426.890 -3619.680
829 0 4704.850 -3632.010
830 0 4662.760 -3634.580
831 0 4956.310 -3649.190
832 0 4370.520 -3658.240
833 0 4469.990 -3665.170
834 0 4221.420 -3669.190
835 0 4622.240 -3664.790
836 0 4131.550 -3689.010
837 0 4866.650 -3712.920
838 0 4430.560 -3723.270
839 0 4643.640 -3721.570
840 0 4741.700 -3740.310
841 0 4796.200 -3741.100
842 0 4701.540 -3757.000
843 0 4644.490 -3772.300
844 0 4607.410 -3796.670
845 0 4463.060 -3794.170
846 0 4847.640 -3814.560
847 0 4506.630 -3820.800
848 0 4735.420 -3842.590
849 0 4920.210 -3841.990
850 0 4972.100 -3846.490
851 0 4393.640 -3857.050
852 0 4614.370 -3862.460
853 0 4868.390 -3866.420
854 0 4475.950 -3869.740
855 0 4560.930 -3871.900
856 0 4351.920 -3886.290
857 0 4806.930 -3908.500
858 0 4717.170 -3911.380
859 0 4591.860 -3923.200
860 0 4886.470 -3926.280
861 0 4679.340 -3932.030
862 0 4414.620 -3935.420
863 0 4347.920 -3947.540
864 0 4495.800 -3977.700
865 0 4431.360 -3993.560
866 0 4703.380 -4004.000
867 0 4747.540 -3148.560
868 0 4774.030 -3182.870
869 0 4727.180 -3247.080
870 0 4943.130 -3241.450
871 0 4477.140 -3277.130
872 0 4938.990 -3288.030
873 0 4972.830 -3330.330
874 0 4937.550 -3361.500
875 0 4887.610 -3442.010
876 0 4922.580 -3517.360
877 0 4204.420 -3940.760
878 0 4289.980 -4004.980
879 0 4100.230 -4015.540
880 0 4245.580 -4012.860
881 0 5052.110 -3180.960
882 0 5183.110 -3207.450
883 0 5255.300 -3215.780
884 0 5727.100 -3231.440
885 0 5061.000 -3244.650
886 0 5255.380 -3261.060
887 0 5398.430 -3263.270
888 0 5098.360 -3264.030
889 0 5166.610 -3274.480
890 0 5429.430 -3274.560
891 0 5277.780 -3310.910
892 0 5403.980 -3319.790
893 0 5469.660 -3337.610
894 0 5441.200 -3343.080
895 0 5521.770 -3345.270
896 0 5310.030 -3361.030
897 0 5427.260 -3378.950
898 0 5103.100 -3391.430
899 0 5341.400 -3419.430
900 0 5474.950 -3431.050
901 0 5159.580 -3432.430
902 0 5063.700 -3434.800
903 0 5247.190 -3456.420
904 0 5460.750 -3488.940
905 0 5514.290 -3498.040
906 0 5271.290 -3509.110
907 0 5089.210 -3519.290
908 0 5275.470 -3556.840
909 0 5120.830 -3582.550
910 0 5272.010 -3600.170
911 0 5071.130 -3605.460
912 0 5293.500 -3628.340
913 0 5185.780 -3657.980
914 0 5220.740 -3666.230
915 0 5427.220 -3661.820
916 0 5324.250 -3673.610
917 0 5287.320 -3688.850
918 0 5083.600 -3688.430
919 0 5004.120 -3690.150
920 0 5454.910 -3704.060
921 0 5172.940 -3734.820
922 0 5306.920 -3737.770
923 0 5414.850 -3747.880
924 0 5469.640 -3758.480
925 0 5650.090 -3771.420
926 0 5084.010 -3781.270
927 0 5415.250 -3791.240
928 0 5179.230 -3806.220
929 0 5702.620 -3811.920
930 0 5141.570 -3820.990
931 0 5271.520 -3822.440
932 0 5079.330 -3832.260
933 0 5025.790 -3844.910
934 0 5458.830 -3864.190
935 0 5058.310 -3880.120
936 0 5435.000 -3884.220
937 0 5287.600 -3883.960
938 0 5360.330 -3890.430
939 0 5893.610 -3909.940
940 0 5523.020 -3921.520
941 0 5450.050 -3932.730
942 0 5388.490 -3942.510
943 0 5201.620 -3940.310
944 0 5144.620 -3967.610
945 0 5772.630 -3967.450
946 0 5292.540 -3971.690
947 0 5468.900 -3975.990
948 0 5543.320 -3988.180
949 0 5901.590 -4027.930
950 0 5655.620 -3216.960
951 0 5814.630 -3247.950
952 0 5875.630 -3269.930
953 0 5663.100 -3334.470
954 0 5596.100 -3363.450
955 0 5840.100 -3429.450
956 0 5648.090 -3479.470
957 0 5904.120 -3492.480
958 0 5580.590 -3510.480
959 0 5630.620 -3565.980
960 0 5632.130 -3691.970
961 0 5762.600 -3708.460
962 0 5690.640 -3713.470
963 0 5801.620 -3823.970
964 0 5749.630 -3902.470
965 0 2911.440 -62.500
966 0 2901.250 -104.030
967 0 2594.760 -105.890
968 0 2870.710 -173.640
969 0 2427.860 -227.910
970 0 2776.600 -237.770
971 0 2912.080 -240.050
972 0 2258.970 -241.600
973 0 2207.530 -260.530
974 0 2662.380 -274.300
975 0 2945.040 -280.090
976 0 2451.960 -279.870
977 0 2750.660 -322.740
978 0 3055.470 -327.700
979 0 2695.810 -340.900
980 0 2826.530 -351.530
981 0 2827.490 -401.220
982 0 2150.220 -517.270
983 0 2773.880 -547.580
984 0 2207.930 -547.640
985 0 2263.720 -578.880
986 0 2306.360 -611.880
987 0 2228.200 -650.960
988 0 2739.490 -685.280
989 0 2245.970 -691.300
990 0 2506.380 -710.060
991 0 2678.110 -710.620
992 0 2565.220 -717.530
993 0 2304.610 -743.300
994 0 2983.880 -746.530
995 0 2883.050 -758.870
996 0 2937.060 -762.630
997 0 2202.420 -760.100
998 0 2254.050 -772.840
999 0 2529.350 -773.810
1000 0 2689.430 -784.350
1001 0 2631.290 -825.330
1002 0 2632.980 -880.380
1003 0 2875.860 -886.310
1004 0 2469.100 -927.470
1005 0 2537.810 -927.560
1006 0 2461.090 -972.820
1007 0 2786.310 -450.280
1008 0 2651.650 -461.870
1009 0 2593.590 -481.250
1010 0 2626.420 -523.490
1011 0 2878.530 -524.360
1012 0 2994.110 -539.510
1013 0 2854.010 -573.480
1014 0 2958.710 -583.380
1015 0 2412.670 -584.550
1016 0 2703.960 -612.490
1017 0 2466.940 -615.550
1018 0 3059.570 -640.130
1019 0 2838.060 -636.100
1020 0 3001.230 -666.380
1021 0 2930.890 -676.860
1022 0 2724.530 -791.860
1023 0 2785.520 -821.340
1024 0 2977.340 -826.990
1025 0 2170.150 -833.090
1026 0 2803.080 -885.710
1027 0 2157.010 -915.100
1028 0 3438.870 -232.570
1029 0 3320.630 -320.970
1030 0 3914.690 -336.650
1031 0 3352.060 -425.290
1032 0 3244.170 -449.580
1033 0 3411.430 -457.630
1034 0 3454.200 -590.550
1035 0 3666.350 -611.650
1036 0 3248.530 -641.870
1037 0 3418.470 -721.920
1038 0 3341.550 -723.480
1039 0 3164.670 -841.890
1040 0 3852.820 -901.550
1041 0 3850.120 -101.520
1042 0 3421.800 -111.260
1043 0 3606.840 -149.090
1044 0 3733.030 -147.620
1045 0 3918.240 -164.040
1046 0 3512.350 -167.850
1047 0 3422.330 -168.470
1048 0 3684.910 -183.710
1049 0 3831.040 -183.180
1050 0 3375.550 -213.190
1051 0 3610.410 -218.350
1052 0 3803.260 -230.340
1053 0 3954.630 -241.970
1054 0 3641.010 -254.790
1055 0 3754.470 -261.070
1056 0 3254.480 -275.230
1057 0 3127.270 -283.010
1058 0 3873.440 -293.130
1059 0 3776.550 -349.960
1060 0 3958.150 -354.990
1061 0 3226.130 -386.490
1062 0 3843.650 -394.100
1063 0 3786.020 -398.930
1064 0 3581.860 -402.460
1065 0 3471.880 -428.200
1066 0 3867.700 -445.650
1067 0 3305.790 -448.970
1068 0 3532.620 -466.470
1069 0 3689.590 -491.720
1070 0 3579.580 -496.970
1071 0 3371.470 -524.210
1072 0 3594.210 -545.970
1073 0 3973.690 -562.290
1074 0 3245.840 -572.310
1075 0 3614.700 -604.840
1076 0 3753.650 -622.440
1077 0 3139.300 -624.770
1078 0 3590.050 -647.710
1079 0 3408.970 -654.030
1080 0 3789.960 -680.960
1081 0 3638.330 -699.700
1082 0 3703.640 -735.900
1083 0 3196.650 -738.790
1084 0 3926.810 -743.970
1085 0 3483.950 -757.980
1086 0 3656.630 -764.190
1087 0 3571.390 -770.310
1088 0 3134.130 -773.420
1089 0 3717.030 -796.370
1090 0 3490.270 -809.580
1091 0 3594.430 -829.100
1092 0 3930.250 -836.580
1093 0 3361.880 -849.260
1094 0 3313.490 -874.530
1095 0 3937.930 -882.900
1096 0 3793.780 -882.450
1097 0 3122.740 -895.890
1098 0 3354.890 -958.530
1099 0 3434.640 -971.470
1100 0 3679.020 -978.330
1101 0 3831.890 -1007.720
1102 0 4292.120 -247.760
1103 0 4754.970 -287.660
1104 0 4399.830 -303.390
1105 0 4256.730 -356.530
1106 0 4347.390 -365.200
1107 0 4167.350 -449.740
1108 0 4081.050 -529.820
1109 0 4429.740 -569.670
1110 0 4759.090 -612.610
1111 0 4446.150 -634.070
1112 0 4378.000 -670.790
1113 0 4497.600 -857.630
1114 0 4368.560 -138.730
1115 0 4724.940 -148.830
1116 0 4712.660 -206.380
1117 0 4157.880 -328.870
1118 0 4120.960 -346.920
1119 0 4404.670 -358.870
1120 0 4738.690 -386.260
1121 0 4681.060 -411.290
1122 0 4611.080 -439.030
1123 0 4131.740 -448.330
1124 0 4528.050 -460.460
1125 0 4755.360 -473.550
1126 0 4259.100 -489.390
1127 0 4056.970 -490.620
1128 0 4495.660 -525.130
1129 0 4209.400 -533.660
1130 0 4767.880 -544.040
1131 0 4036.670 -571.340
1132 0 4097.730 -597.140
1133 0 4606.120 -614.210
1134 0 4120.160 -624.620
1135 0 4066.650 -657.670
1136 0 4306.820 -693.200
1137 0 4726.110 -723.030
1138 0 4120.830 -733.340
1139 0 4380.590 -736.810
1140 0 4266.260 -744.090
1141 0 4593.620 -746.160
1142 0 4682.560 -776.230
1143 0 4021.910 -775.820
1144 0 4221.890 -792.970
1145 0 4522.500 -794.110
1146 0 4178.370 -828.170
1147 0 4101.740 -844.070
1148 0 4716.920 -869.410
1149 0 4037.450 -915.820
1150 0 4779.940 -915.960
1151 0 4343.660 -936.580
1152 0 4142.280 -941.310
1153 0 4103.400 -987.650
1154 0 4469.140 -986.330
1155 0 4882.360 -1009.460
1156 0 973.010 -1121.080
1157 0 958.580 -1211.810
1158 0 562.610 -1410.340
1159 0 582.310 -1494.040
1160 0 646.800 -1730.050
1161 0 677.120 -1771.590
1162 0 445.230 -1124.930
1163 0 785.270 -1141.560
1164 0 890.300 -1148.320
1165 0 591.350 -1178.930
1166 0 1025.580 -1180.670
1167 0 363.900 -1183.960
1168 0 1039.930 -1222.410
1169 0 1121.330 -1355.470
1170 0 847.640 -1407.510
1171 0 938.440 -1426.740
1172 0 656.410 -1500.260
1173 0 1149.510 -1522.910
1174 0 1114.130 -1518.910
1175 0 1129.060 -1669.570
1176 0 963.870 -1745.460
1177 0 886.160 -1773.710
1178 0 1044.020 -1872.660
1179 0 1723.610 -1061.950
1180 0 1445.730 -1096.400
1181 0 1754.620 -1100.900
1182 0 1572.190 -1119.790
1183 0 1486.830 -1131.930
1184 0 1709.110 -1144.260
1185 0 1972.210 -1155.810
1186 0 1644.240 -1165.620
1187 0 1211.160 -1170.900
1188 0 1812.020 -1170.070
1189 0 2021.850 -1193.830
1190 0 1676.000 -1196.870
1191 0 1531.900 -1199.540
1192 0 1467.640 -1210.340
1193 0 1809.920 -1219.020
1194 0 1588.900 -1246.390
1195 0 1431.240 -1255.550
1196 0 1284.230 -1261.210
1197 0 1710.970 -1263.180
1198 0 2063.260 -1277.990
1199 0 1492.410 -1281.620
1200 0 1820.920 -1285.510
1201 0 1909.740 -1288.200
1202 0 1296.840 -1299.690
1203 0 1676.290 -1313.180
1204 0 1870.330 -1329.880
1205 0 1585.500 -1331.790
1206 0 1976.170 -1339.460
1207 0 1749.260 -1338.250
1208 0 1434.400 -1348.310
1209 0 1259.650 -1337.500
1210 0 1906.010 -1351.940
1211 0 1369.340 -1357.390
1212 0 1588.390 -1372.170
1213 0 2054.740 -1384.100
1214 0 1729.830 -1381.200
1215 0 1298.140 -1380.190
1216 0 1774.880 -1399.090
1217 0 1355.320 -1436.100
1218 0 1694.240 -1437.980
1219 0 1466.210 -1462.040
1220 0 1829.080 -1468.030
1221 0 1720.350 -1479.180
1222 0 1296.880 -1479.780
1223 0 1883.880 -1482.490
1224 0 1348.900 -1493.290
1225 0 1236.340 -1495.900
1226 0 1413.430 -1550.800
1227 0 2005.780 -1570.330
1228 0 1537.710 -1579.640
1229 0 1418.810 -1587.790
1230 0 1324.980 -1595.700
1231 0 1268.720 -1625.460
1232 0 1412.380 -1705.480
1233 0 1475.450 -1773.650
1234 0 1591.440 -1760.980
1235 0 1248.970 -1794.640
1236 0 1221.300 -1851.120
1237 0 1984.380 -1855.610
1238 0 1388.760 -1880.470
1239 0 1626.210 -1900.390
1240 0 1654.530 -1944.920
1241 0 1982.860 -1948.360
1242 0 1486.790 -1968.880
1243 0 1963.430 -1435.210
1244 0 1602.720 -1489.320
1245 0 1900.630 -1520.600
1246 0 2000.360 -1536.430
1247 0 1771.180 -1566.350
1248 0 1699.260 -1576.640
1249 0 1588.350 -1599.260
1250 0 1774.230 -1606.420
1251 0 1642.360 -1638.660
1252 0 1925.750 -1646.500
1253 0 2036.400 -1641.660
1254 0 1578.890 -1640.240
1255 0 1870.430 -1698.710
1256 0 1989.280 -1696.140
1257 0 1711.940 -1704.430
1258 0 1560.940 -1741.620
1259 0 1715.870 -1761.750
1260 0 1891.510 -1761.670
1261 0 1829.740 -1798.650
1262 0 1908.430 -1812.360
1263 0 1766.780 -1820.200
1264 0 1798.540 -1879.840
1265 0 1578.340 -1882.830
1266 0 1883.310 -1884.090
1267 0 2099.550 -1896.710
1268 0 1737.630 -1919.900
1269 0 1879.100 -1961.950
1270 0 2678.820 -1069.360
1271 0 2751.260 -1072.240
1272 0 2709.070 -1096.020
1273 0 2938.340 -1109.520
1274 0 2614.910 -1106.810
1275 0 2778.180 -1117.770
1276 0 2827.120 -1123.410
1277 0 2736.140 -1125.730
1278 0 2543.830 -1126.200
1279 0 3113.090 -1142.570
1280 0 2628.220 -1149.370
1281 0 2667.780 -1140.990
1282 0 2497.670 -1154.410
1283 0 2316.590 -1163.080
1284 0 3005.000 -1177.640
1285 0 3115.510 -1193.160
1286 0 2369.760 -1201.640
1287 0 2644.940 -1205.760
1288 0 2889.910 -1212.230
1289 0 2419.460 -1235.230
1290 0 2651.490 -1242.960
1291 0 3078.870 -1248.860
1292 0 2464.530 -1266.080
1293 0 2366.750 -1269.540
1294 0 2714.490 -1288.440
1295 0 3135.860 -1291.080
1296 0 2832.770 -1300.530
1297 0 2983.880 -1294.860
1298 0 2886.730 -1300.760
1299 0 2499.190 -1309.920
1300 0 3079.480 -1318.340
1301 0 2664.790 -1343.880
1302 0 2376.740 -1371.100
1303 0 2594.070 -1380.180
1304 0 2759.850 -1378.320
1305 0 2270.870 -1381.510
1306 0 2445.610 -1392.430
1307 0 2305.650 -1406.570
1308 0 2511.910 -1402.690
1309 0 3005.470 -1404.050
1310 0 2455.240 -1443.790
1311 0 2383.500 -1463.720
1312 0 2892.200 -1470.270
1313 0 2649.710 -1470.470
1314 0 2547.540 -1482.870
1315 0 2792.570 -1499.180
1316 0 2244.730 -1485.370
1317 0 2336.480 -1491.810
1318 0 2491.210 -1493.450
1319 0 2592.610 -1511.940
1320 0 2392.340 -1547.210
1321 0 2311.230 -1554.040
1322 0 2541.420 -1553.450
1323 0 2745.480 -1567.140
1324 0 2595.720 -1568.420
1325 0 2439.710 -1571.920
1326 0 2688.130 -1580.430
1327 0 2534.090 -1586.050
1328 0 2355.360 -1596.930
1329 0 2977.540 -1602.480
1330 0 2393.880 -1607.200
1331 0 2430.630 -1626.600
1332 0 2545.740 -1625.470
1333 0 2776.160 -1627.300
1334 0 2914.400 -1650.150
1335 0 2468.280 -1654.620
1336 0 2494.710 -1681.450
1337 0 2379.870 -1669.320
1338 0 3140.650 -1672.890
1339 0 2343.310 -1674.650
1340 0 2278.290 -1689.420
1341 0 2695.410 -1687.000
1342 0 2618.300 -1715.110
1343 0 2763.260 -1725.630
1344 0 2343.720 -1738.520
1345 0 2647.890 -1741.070
1346 0 2280.580 -1763.170
1347 0 2877.500 -1760.000
1348 0 2561.970 -1775.670
1349 0 2472.330 -1785.600
1350 0 2999.020 -1797.540
1351 0 2823.150 -1794.720
1352 0 2688.420 -1798.120
1353 0 2764.560 -1820.550
1354 0 2419.680 -1820.640
1355 0 2605.150 -1833.320
1356 0 2809.040 -1849.050
1357 0 2931.770 -1856.840
1358 0 2261.120 -1854.190
1359 0 2369.570 -1854.140
1360 0 2402.930 -1871.300
1361 0 2761.300 -1881.220
1362 0 2317.510 -1899.890
1363 0 2487.620 -1912.680
1364 0 2588.830 -1912.980
1365 0 2807.200 -1926.880
1366 0 2750.380 -1942.420
1367 0 2693.830 -1958.950
1368 0 2561.910 -1962.190
1369 0 2436.810 -1969.940
1370 0 2830.840 -1989.420
1371 0 2618.010 -1999.750
1372 0 2560.400 -2007.100
1373 0 2994.560 -1707.610
1374 0 3123.350 -1721.130
1375 0 3095.090 -1778.540
1376 0 3155.180 -1799.590
1377 0 2888.250 -1849.790
1378 0 3026.840 -1855.500
1379 0 3171.600 -1858.640
1380 0 3103.290 -1873.990
1381 0 3009.270 -1917.910
1382 0 3139.430 -1954.010
1383 0 3062.320 -1977.970
1384 0 3577.010 -1031.970
1385 0 3634.930 -1031.140
1386 0 4012.350 -1037.660
1387 0 3500.390 -1053.430
1388 0 3382.740 -1050.240
1389 0 3911.400 -1066.160
1390 0 3646.620 -1066.590
1391 0 3449.470 -1077.730
1392 0 3329.280 -1088.920
1393 0 3940.640 -1105.890
1394 0 3818.860 -1122.680
1395 0 3882.510 -1119.210
1396 0 3284.410 -1119.920
1397 0 4080.020 -1123.110
1398 0 3522.840 -1132.150
1399 0 4020.600 -1146.240
1400 0 3640.270 -1159.470
1401 0 4100.510 -1157.720
1402 0 3938.850 -1162.940
1403 0 3600.030 -1177.330
1404 0 4159.480 -1174.910
1405 0 3530.160 -1185.310
1406 0 3312.160 -1191.230
1407 0 3739.320 -1188.220
1408 0 3998.850 -1225.110
1409 0 3436.890 -1234.050
1410 0 3539.860 -1233.700
1411 0 3654.840 -1253.780
1412 0 3272.370 -1250.500
1413 0 3882.300 -1259.630
1414 0 4169.890 -1263.200
1415 0 4009.510 -1281.900
1416 0 3491.000 -1287.720
1417 0 3676.470 -1297.760
1418 0 4060.770 -1306.740
1419 0 3403.850 -1326.440
1420 0 4126.770 -1342.210
1421 0 3285.720 -1346.510
1422 0 4023.110 -1381.140
1423 0 4080.850 -1381.860
1424 0 3889.100 -1381.140
1425 0 3616.280 -1386.200
1426 0 3676.970 -1382.740
1427 0 3504.120 -1388.070
1428 0 4142.170 -1400.930
1429 0 3304.430 -1410.550
1430 0 3707.720 -1423.310
1431 0 3614.300 -1426.050
1432 0 3878.090 -1438.600
1433 0 4055.910 -1462.780
1434 0 4160.800 -1464.070
1435 0 3721.710 -1469.490
1436 0 3921.220 -1480.490
1437 0 3989.280 -1487.960
1438 0 3558.720 -1496.120
1439 0 3626.330 -1497.320
1440 0 3931.100 -1516.670
1441 0 4071.880 -1511.730
1442 0 3568.150 -1541.120
1443 0 3647.100 -1541.980
1444 0 3830.350 -1552.320
1445 0 3896.150 -1569.950
1446 0 4131.700 -1575.060
1447 0 3983.120 -1578.130
1448 0 3876.810 -1592.990
1449 0 3934.750 -1592.840
1450 0 4085.030 -1599.890
1451 0 4158.680 -1620.850
1452 0 4050.830 -1623.000
1453 0 3890.350 -1629.180
1454 0 4001.890 -1636.840
1455 0 4103.270 -1657.240
1456 0 3282.820 -1659.680
1457 0 4055.220 -1674.000
1458 0 3296.740 -1729.800
1459 0 3732.260 -1731.020
1460 0 3472.250 -1811.380
1461 0 3771.770 -1846.960
1462 0 4100.000 -1844.040
1463 0 4179.110 -1873.490
1464 0 3684.020 -1892.790
1465 0 3469.960 -1912.740
1466 0 3639.950 -1913.440
1467 0 3413.450 -1912.780
1468 0 3347.530 -1931.800
1469 0 3279.750 -1933.310
1470 0 3661.540 -1955.960
1471 0 3457.560 -1976.430
1472 0 3505.440 -1985.280
1473 0 3461.830 -1444.570
1474 0 3301.990 -1462.610
1475 0 3409.440 -1480.050
1476 0 3269.990 -1515.530
1477 0 3509.720 -1523.490
1478 0 3419.560 -1557.320
1479 0 3736.040 -1563.970
1480 0 3432.450 -1617.310
1481 0 3685.290 -1626.580
1482 0 3789.900 -1630.070
1483 0 3610.260 -1646.120
1484 0 3357.420 -1665.040
1485 0 3815.910 -1696.600
1486 0 4014.110 -1706.650
1487 0 3779.140 -1719.180
1488 0 3586.940 -1721.920
1489 0 4091.230 -1727.900
1490 0 3641.800 -1734.420
1491 0 3505.590 -1737.370
1492 0 3579.250 -1765.140
1493 0 3714.390 -1765.860
1494 0 3309.640 -1772.610
1495 0 4015.220 -1782.120
1496 0 3398.190 -1791.530
1497 0 4142.180 -1799.270
1498 0 3874.510 -1804.550
1499 0 3660.080 -1810.770
1500 0 3976.970 -1819.980
1501 0 4065.800 -1821.750
1502 0 3828.690 -1842.210
1503 0 4036.620 -1845.630
1504 0 3907.000 -1867.850
1505 0 3814.470 -1913.740
1506 0 4015.010 -1913.480
1507 0 4052.470 -1917.140
1508 0 3857.130 -1930.010
1509 0 4715.720 -1177.030
1510 0 4422.910 -1200.200
1511 0 4613.670 -1258.160
1512 0 4865.260 -1268.780
1513 0 4348.450 -1286.870
1514 0 5010.600 -1504.320
1515 0 5033.530 -1553.020
1516 0 4871.620 -1886.440
1517 0 4341.460 -1892.270
1518 0 4289.310 -1902.820
1519 0 4892.570 -1944.460
1520 0 4449.040 -1955.400
1521 0 5067.810 -1989.780
1522 0 5009.730 -2033.620
1523 0 4925.610 -2028.670
1524 0 4973.130 -2060.090
1525 0 4468.030 -2070.100
1526 0 4415.750 -2067.630
1527 0 4962.250 -1125.350
1528 0 4376.820 -1167.520
1529 0 5088.190 -1199.410
1530 0 5174.960 -1213.450
1531 0 4936.980 -1215.160
1532 0 4537.100 -1235.830
1533 0 4985.600 -1230.190
1534 0 5029.600 -1266.310
1535 0 4694.900 -1295.800
1536 0 4305.180 -1294.790
1537 0 4504.150 -1300.250
1538 0 4387.110 -1315.100
1539 0 4435.130 -1314.900
1540 0 4597.400 -1318.540
1541 0 4834.830 -1342.360
1542 0 5172.850 -1340.960
1543 0 4309.700 -1369.880
1544 0 4666.000 -1380.300
1545 0 4990.500 -1384.100
1546 0 4397.380 -1395.570
1547 0 4896.030 -1398.430
1548 0 4623.470 -1402.470
1549 0 4859.270 -1434.980
1550 0 4959.510 -1447.570
1551 0 4471.880 -1448.590
1552 0 4638.300 -1478.450
1553 0 4664.960 -1483.720
1554 0 4328.400 -1498.480
1555 0 4360.960 -1509.730
1556 0 4695.760 -1509.810
1557 0 4961.580 -1519.370
1558 0 5220.600 -1523.370
1559 0 4648.080 -1522.240
1560 0 4765.660 -1527.780
1561 0 4313.120 -1542.410
1562 0 4731.430 -1556.530
1563 0 4759.070 -1572.110
1564 0 4922.880 -1570.850
1565 0 4709.910 -1587.660
1566 0 4579.370 -1603.830
1567 0 4455.820 -1599.430
1568 0 4508.290 -1618.850
1569 0 5010.980 -1628.540
1570 0 4756.450 -1629.680
1571 0 4325.020 -1651.880
1572 0 4457.070 -1656.470
1573 0 4549.110 -1664.970
1574 0 4402.900 -1662.230
1575 0 4870.960 -1663.970
1576 0 4775.730 -1683.020
1577 0 4983.190 -1701.580
1578 0 4681.720 -1704.610
1579 0 5124.000 -1728.060
1580 0 4606.420 -1730.900
1581 0 4793.920 -1740.670
1582 0 4709.000 -1748.910
1583 0 5036.730 -1746.190
1584 0 4749.090 -1754.450
1585 0 4331.850 -1748.860
1586 0 5191.050 -1767.310
1587 0 4573.240 -1787.320
1588 0 4408.920 -1786.290
1589 0 4730.080 -1793.500
1590 0 4336.090 -1802.670
1591 0 4491.940 -1811.750
1592 0 5070.860 -1842.170
1593 0 4543.200 -1852.030
1594 0 4565.110 -1942.990
1595 0 4300.920 -1972.840
1596 0 4711.580 -1993.070
1597 0 4648.920 -2054.780
